1.74581 1 3 183 1000017 0
1.74681 3 1 76 1000008 0
1.74781 1 3 13 1000003 0
1.77901 3 1 11 1000003 0
1.94581 3 1 183 1000017 0
1.94681 1 3 76 1000008 0
1.94781 3 1 13 1000003 0
1.97901 1 3 11 1000003 0
2.14581 1 3 183 1000017 0
2.14681 3 1 76 1000008 0
2.14781 1 3 13 1000003 0
2.19901 3 1 11 1000003 0
3.88581 1 2 183 1000017 0
3.88681 2 1 76 1000008 0
3.88781 1 2 13 1000003 0
3.91901 2 1 11 1000003 0
6.14581 3 1 183 1000017 0
6.14681 1 3 76 1000008 0
6.14781 3 1 13 1000003 0
6.17901 1 3 11 1000003 0
6.34581 1 3 183 1000017 0
6.34681 3 1 76 1000008 0
6.34781 1 3 13 1000003 0
6.37901 3 1 11 1000003 0
6.74581 3 1 183 1000017 0
6.74681 1 3 76 1000008 0
6.74781 3 1 13 1000003 0
6.77901 1 3 11 1000003 0
7.14581 1 3 183 1000017 0
7.14681 3 1 76 1000008 0
7.14781 1 3 13 1000003 0
7.17901 3 1 11 1000003 0
9.26581 3 1 183 1000017 0
9.26681 1 3 76 1000008 0
9.26781 3 1 13 1000003 0
9.29901 1 3 11 1000003 0
9.72581 1 3 183 1000017 0
9.72681 3 1 76 1000008 0
9.72781 1 3 13 1000003 0
9.75901 3 1 11 1000003 0
